car_alpha: 0.28433017870754923
car_alpha_second: 0.45157625172354127
car_beta: 0.20224823622293442
car_beta_second: 0.6215055364818113
car_fuse_score: false
car_match_final_thresh: 0.8333103805420801
car_match_second_thresh: 0.49431033969544985
car_match_thresh: 0.6389943094457358
car_max_avg_velocity_x: 253.34134886083044
car_max_avg_velocity_y: 324.1041043690001
car_new_track_thresh: 0.8857419349303469
car_track_buffer: 8
car_track_high_thresh: 0.7525082088640351
car_track_low_thresh: 0.49386965813586897
cyclist_alpha: 0.6526735307818083
cyclist_alpha_second: 1.255935543141295
cyclist_beta: 0.38018243864077267
cyclist_beta_second: 0.9241638787832546
cyclist_fuse_score: true
cyclist_match_final_thresh: 0.5100475098854282
cyclist_match_second_thresh: 0.6295975614691979
cyclist_match_thresh: 0.8207088141447283
cyclist_max_avg_velocity_x: 149.50305948732674
cyclist_max_avg_velocity_y: 31.487982693515804
cyclist_new_track_thresh: 0.5874934239587947
cyclist_track_buffer: 2
cyclist_track_high_thresh: 0.8304862774028613
cyclist_track_low_thresh: 0.2926794129697735
ped_alpha: 0.4503757994641298
ped_alpha_second: 0.1979696787311913
ped_beta: 1.4638734781653808
ped_beta_second: 0.9739586024776762
ped_fuse_score: false
ped_match_final_thresh: 0.4378611303708658
ped_match_second_thresh: 0.8216391254372684
ped_match_thresh: 0.9644053224236605
ped_max_avg_velocity_x: 271.8910943380452
ped_max_avg_velocity_y: 78.14273397105386
ped_new_track_thresh: 0.26131520712765105
ped_track_buffer: 8
ped_track_high_thresh: 0.2806334009939748
ped_track_low_thresh: 0.29406054696966527
