car_fuse_score: true
car_match_thresh: 0.5808920093945671
car_new_track_thresh: 0.8789368965133959
car_track_buffer: 78
car_track_high_thresh: 0.7301845942384805
car_track_low_thresh: 0.11235069657748148
cyclist_fuse_score: false
cyclist_match_thresh: 0.24672360788274705
cyclist_new_track_thresh: 0.502361513049481
cyclist_track_buffer: 17
cyclist_track_high_thresh: 0.3707755962339886
cyclist_track_low_thresh: 0.4148538589793427
ped_fuse_score: true
ped_match_thresh: 0.8605714451279329
ped_new_track_thresh: 0.3092130483097056
ped_track_buffer: 34
ped_track_high_thresh: 0.7514746082121505
ped_track_low_thresh: 0.45919509051822194
