car_alpha: 0.12089045976546556
car_alpha_second: 0.07321425913801846
car_beta: 0.689441177010389
car_beta_second: 0.8052441020360405
car_fuse_score: true
car_match_final_thresh: 0.3950343731282305
car_match_second_thresh: 0.37502898297879206
car_match_thresh: 0.7509625120395662
car_max_avg_velocity_x: 260.1
car_max_avg_velocity_y: 310.1
car_new_track_thresh: 0.30934409519905925
car_remove_stationary: true
car_track_buffer: 11
car_track_high_thresh: 0.13744365263742148
car_track_low_thresh: 0.3515943075841638
cyclist_alpha: 1.4010654851369801
cyclist_alpha_second: 0.13744385687180258
cyclist_beta: 0.9627369020301884
cyclist_beta_second: 1.6323156822422262
cyclist_fuse_score: true
cyclist_match_final_thresh: 0.8148086875143704
cyclist_match_second_thresh: 0.9138288128961964
cyclist_match_thresh: 0.7630760556476496
cyclist_max_avg_velocity_x: 310.1
cyclist_max_avg_velocity_y: 130.1
cyclist_new_track_thresh: 0.26772366712334195
cyclist_remove_stationary: true
cyclist_track_buffer: 6
cyclist_track_high_thresh: 0.9390935290726732
cyclist_track_low_thresh: 0.12423812619260707
ped_alpha: 0.9280071933434115
ped_alpha_second: 0.5760829820039921
ped_beta: 0.7474784460235735
ped_beta_second: 0.28448458501418283
ped_fuse_score: true
ped_match_final_thresh: 0.8607649014140294
ped_match_second_thresh: 0.22949347412952056
ped_match_thresh: 0.6711588356243037
ped_max_avg_velocity_x: 340.1
ped_max_avg_velocity_y: 80.1
ped_new_track_thresh: 0.606294003979117
ped_remove_stationary: true
ped_track_buffer: 5
ped_track_high_thresh: 0.4754608147101548
ped_track_low_thresh: 0.4485640070044559
