import numpy as np

# S_02
S_02 = np.array([1.392000e+03, 5.120000e+02])

# K_02 (3x3 matrix)
K_02 = np.array([
    [9.569475e+02, 0.000000e+00, 6.939767e+02],
    [0.000000e+00, 9.522352e+02, 2.386081e+02],
    [0.000000e+00, 0.000000e+00, 1.000000e+00]
])

# D_02 (distortion coefficients)
D_02 = np.array([-3.750956e-01, 2.076838e-01, 4.348525e-04, 1.603162e-03, -7.469243e-02])

# R_02 (3x3 rotation matrix)
R_02 = np.array([
    [9.999838e-01, -5.012736e-03, -2.710741e-03],
    [5.002007e-03, 9.999797e-01, -3.950381e-03],
    [2.730489e-03, 3.936758e-03, 9.999885e-01]
])

# T_02 (translation vector)
T_02 = np.array([5.989688e-02, -1.367835e-03, 4.637624e-03])

# S_rect_02
S_rect_02 = np.array([1.224000e+03, 3.700000e+02])

# R_rect_02 (3x3 rectification matrix)
R_rect_02 = np.array([
    [9.998691e-01, 1.512763e-02, -5.741851e-03],
    [-1.512861e-02, 9.998855e-01, -1.287536e-04],
    [5.739247e-03, 2.156030e-04, 9.999835e-01]
])

# P_rect_02 (3x4 projection matrix)
P_rect_02 = np.array([
    [7.070493e+02, 0.000000e+00, 6.040814e+02, 4.575831e+01],
    [0.000000e+00, 7.070493e+02, 1.805066e+02, -3.454157e-01],
    [0.000000e+00, 0.000000e+00, 1.000000e+00, 4.981016e-03]
])

# S_03
S_03 = np.array([1.392000e+03, 5.120000e+02])

# K_03 (3x3 matrix)
K_03 = np.array([
    [9.011007e+02, 0.000000e+00, 6.982947e+02],
    [0.000000e+00, 8.970639e+02, 2.377447e+02],
    [0.000000e+00, 0.000000e+00, 1.000000e+00]
])

# D_03 (distortion coefficients)
D_03 = np.array([-3.686011e-01, 1.908666e-01, -5.689518e-04, 3.332341e-04, -6.302873e-02])

# R_03 (3x3 rotation matrix)
R_03 = np.array([
    [9.995054e-01, 1.665288e-02, -2.667675e-02],
    [-1.671777e-02, 9.998578e-01, -2.211228e-03],
    [2.663614e-02, 2.656110e-03, 9.996417e-01]
])

# T_03 (translation vector)
T_03 = np.array([-4.756270e-01, 5.296617e-03, -5.437198e-03])

# S_rect_03
S_rect_03 = np.array([1.224000e+03, 3.700000e+02])

# R_rect_03 (3x3 rectification matrix)
R_rect_03 = np.array([
    [9.998134e-01, -6.606294e-03, 1.815174e-02],
    [6.637329e-03, 9.999766e-01, -1.650024e-03],
    [-1.814042e-02, 1.770195e-03, 9.998339e-01]
])

# P_rect_03 (3x4 projection matrix)
P_rect_03 = np.array([
    [7.070493e+02, 0.000000e+00, 6.040814e+02, -3.341081e+02],
    [0.000000e+00, 7.070493e+02, 1.805066e+02, 2.330660e+00],
    [0.000000e+00, 0.000000e+00, 1.000000e+00, 3.201153e-03]
])